1	51.700001
2	52.266666
3	52.799999
4	53.233334
5	53.766666
6	54.366665
7	54.733334
8	55.200001
9	55.599998
10	56.200001
11	56.599998
12	57.099998
13	57.400002
14	57.833332
15	58.233334
16	58.566666
17	58.966667
18	59.366665
19	59.833332
20	60.299999
21	60.666668
22	60.966667
23	61.366665
24	61.866665
25	62.133335
26	62.500000
27	62.933334
28	63.233334
29	63.666668
30	64.033333
31	64.300003
32	64.699997
33	65.199997
34	65.699997
35	65.766670
36	66.133331
37	66.400002
38	66.666664
39	66.900002
40	67.233330
41	67.566666
42	67.866669
43	68.233330
44	68.599998
45	69.000000
46	69.433334
47	69.699997
48	69.866669
49	70.033333
50	70.333336
51	70.599998
52	70.766670
53	71.066666
54	71.400002
55	71.733330
56	71.966667
57	72.300003
58	72.466667
59	72.833336
60	72.966667
61	73.300003
62	73.599998
63	73.866669
64	74.066666
65	74.333336
66	74.633331
67	74.766670
68	74.933334
69	75.233330
70	75.533333
71	75.833336
72	76.033333
73	76.266670
74	76.500000
75	76.766670
76	77.000000
77	77.199997
78	77.433334
79	77.599998
80	77.800003
81	77.833336
82	78.066666
83	78.199997
84	78.500000
85	78.666664
86	79.000000
87	79.166664
88	79.400002
89	79.633331
90	79.733330
91	79.933334
92	80.099998
93	80.300003
94	80.466667
95	80.833336
96	81.066666
97	81.233330
98	81.566666
99	81.699997
100	81.866669
101	82.033333
102	82.199997
103	82.433334
104	82.500000
105	82.633331
106	82.833336
107	82.933334
108	83.166664
109	83.266670
110	83.533333
111	83.766670
112	83.966667
113	84.166664
114	84.300003
115	84.566666
116	84.599998
117	84.699997
118	84.766670
119	84.833336
120	84.966667
121	85.066666
122	85.133331
123	85.166664
124	85.366669
125	85.466667
126	85.599998
127	85.699997
128	85.900002
129	86.033333
130	86.300003
131	86.400002
132	86.500000
133	86.566666
134	86.666664
135	86.833336
136	87.066666
137	87.266670
138	87.433334
139	87.533333
140	87.699997
141	87.699997
142	87.900002
143	88.033333
144	88.233330
145	88.300003
146	88.366669
147	88.500000
148	88.699997
149	88.766670
150	88.833336
151	89.033333
152	89.166664
153	89.266670
154	89.333336
155	89.466667
156	89.699997
157	89.766670
158	89.833336
159	90.000000
160	90.066666
161	90.199997
162	90.199997
163	90.400002
164	90.433334
165	90.633331
166	90.733330
167	90.800003
168	90.833336
169	90.900002
170	91.000000
171	91.000000
172	91.000000
173	91.066666
174	91.066666
175	91.133331
176	91.300003
177	91.366669
178	91.433334
179	91.566666
180	91.666664
181	91.866669
182	91.966667
183	92.033333
184	92.133331
185	92.233330
186	92.266670
187	92.366669
188	92.366669
189	92.500000
190	92.533333
191	92.633331
192	92.666664
193	92.833336
194	92.900002
195	93.000000
196	93.099998
197	93.133331
198	93.133331
199	93.233330
200	93.300003
201	93.300003
202	93.333336
203	93.366669
204	93.533333
205	93.566666
206	93.633331
207	93.733330
208	93.766670
209	93.833336
210	93.900002
211	93.966667
212	94.033333
213	94.066666
214	94.199997
215	94.199997
216	94.266670
217	94.300003
218	94.433334
219	94.533333
220	94.599998
221	94.699997
222	94.733330
223	94.766670
224	94.866669
225	94.900002
226	94.966667
227	94.966667
228	95.033333
229	95.066666
230	95.066666
231	95.099998
232	95.099998
233	95.133331
234	95.133331
235	95.166664
236	95.233330
237	95.266670
238	95.266670
239	95.300003
240	95.333336
241	95.400002
242	95.400002
243	95.466667
244	95.533333
245	95.599998
246	95.633331
247	95.633331
248	95.666664
249	95.733330
250	95.766670
251	95.800003
252	95.866669
253	95.933334
254	96.000000
255	96.000000
256	96.000000
257	96.033333
258	96.033333
259	96.033333
260	96.033333
261	96.099998
262	96.099998
263	96.099998
264	96.166664
265	96.166664
266	96.166664
267	96.233330
268	96.233330
269	96.300003
270	96.366669
271	96.366669
272	96.433334
273	96.466667
274	96.466667
275	96.533333
276	96.566666
277	96.566666
278	96.566666
279	96.566666
280	96.599998
281	96.633331
282	96.699997
283	96.699997
284	96.733330
285	96.733330
286	96.800003
287	96.833336
288	96.833336
289	96.900002
290	96.966667
291	97.033333
292	97.099998
293	97.133331
294	97.133331
295	97.199997
296	97.233330
297	97.233330
298	97.300003
299	97.300003
300	97.333336
301	97.366669
302	97.433334
303	97.433334
304	97.533333
305	97.533333
306	97.599998
307	97.633331
308	97.666664
309	97.666664
310	97.666664
311	97.699997
312	97.800003
313	97.833336
314	97.866669
315	97.900002
316	97.900002
317	97.900002
318	97.900002
319	97.933334
320	97.933334
321	97.966667
322	98.033333
323	98.066666
324	98.066666
325	98.066666
326	98.166664
327	98.199997
328	98.266670
329	98.300003
330	98.366669
331	98.366669
332	98.433334
333	98.433334
334	98.433334
335	98.433334
336	98.433334
337	98.466667
338	98.466667
339	98.500000
340	98.500000
341	98.533333
342	98.533333
343	98.533333
344	98.533333
345	98.533333
346	98.566666
347	98.566666
348	98.566666
349	98.599998
350	98.666664
351	98.666664
352	98.666664
353	98.666664
354	98.800003
355	98.800003
356	98.800003
357	98.833336
358	98.833336
359	98.833336
360	98.866669
361	98.866669
362	98.866669
363	98.866669
364	98.866669
365	98.866669
366	98.866669
367	98.866669
368	98.900002
369	98.900002
370	98.900002
371	98.900002
372	98.933334
373	98.933334
374	98.933334
375	98.933334
376	98.933334
377	98.933334
378	98.933334
379	98.933334
380	98.933334
381	98.933334
382	98.933334
383	98.933334
384	98.933334
385	98.933334
386	98.966667
387	99.000000
388	99.000000
389	99.000000
390	99.033333
391	99.033333
392	99.033333
393	99.066666
394	99.066666
395	99.099998
396	99.099998
397	99.099998
398	99.099998
399	99.099998
400	99.099998
401	99.133331
402	99.133331
403	99.133331
404	99.166664
405	99.199997
406	99.199997
407	99.199997
408	99.199997
409	99.233330
410	99.266670
411	99.266670
412	99.266670
413	99.266670
414	99.266670
415	99.266670
416	99.266670
417	99.266670
418	99.266670
419	99.266670
420	99.266670
421	99.266670
422	99.266670
423	99.266670
424	99.266670
425	99.300003
426	99.300003
427	99.300003
428	99.300003
429	99.300003
430	99.300003
431	99.300003
432	99.300003
433	99.300003
434	99.300003
435	99.333336
436	99.333336
437	99.333336
438	99.333336
439	99.333336
440	99.333336
441	99.333336
442	99.333336
443	99.333336
444	99.333336
445	99.333336
446	99.333336
447	99.366669
448	99.366669
449	99.366669
450	99.400002
451	99.400002
452	99.400002
453	99.433334
454	99.433334
455	99.433334
456	99.433334
457	99.433334
458	99.433334
459	99.433334
460	99.433334
461	99.433334
462	99.433334
463	99.433334
464	99.433334
465	99.433334
466	99.466667
467	99.466667
468	99.466667
469	99.466667
470	99.466667
471	99.500000
472	99.500000
473	99.500000
474	99.500000
475	99.500000
476	99.500000
477	99.500000
478	99.500000
479	99.500000
480	99.500000
481	99.500000
482	99.500000
483	99.500000
484	99.533333
485	99.533333
486	99.533333
487	99.533333
488	99.533333
489	99.533333
490	99.533333
491	99.533333
492	99.533333
493	99.566666
494	99.566666
495	99.566666
496	99.566666
497	99.566666
498	99.566666
499	99.566666
500	99.566666
501	99.566666
502	99.566666
503	99.566666
504	99.599998
505	99.599998
506	99.599998
507	99.599998
508	99.599998
509	99.599998
510	99.599998
511	99.599998
512	99.599998
513	99.599998
514	99.599998
515	99.599998
516	99.599998
517	99.633331
518	99.633331
519	99.633331
520	99.633331
521	99.633331
522	99.633331
523	99.633331
524	99.633331
525	99.633331
526	99.633331
527	99.633331
528	99.633331
529	99.633331
530	99.633331
531	99.633331
532	99.633331
533	99.633331
534	99.633331
535	99.633331
536	99.633331
537	99.633331
538	99.633331
539	99.633331
540	99.633331
541	99.633331
542	99.666664
543	99.666664
544	99.666664
545	99.699997
546	99.733330
547	99.733330
548	99.733330
549	99.733330
550	99.733330
551	99.733330
552	99.733330
553	99.733330
554	99.733330
555	99.733330
556	99.733330
557	99.733330
558	99.766670
559	99.766670
560	99.766670
561	99.766670
562	99.766670
563	99.766670
564	99.766670
565	99.800003
566	99.800003
567	99.800003
568	99.800003
569	99.800003
570	99.800003
571	99.800003
572	99.800003
573	99.800003
574	99.800003
575	99.800003
576	99.833336
577	99.833336
578	99.833336
579	99.833336
580	99.833336
581	99.833336
582	99.833336
583	99.833336
584	99.833336
585	99.833336
586	99.833336
587	99.833336
588	99.833336
589	99.833336
590	99.833336
591	99.833336
592	99.833336
593	99.833336
594	99.833336
595	99.833336
596	99.833336
597	99.833336
598	99.833336
599	99.833336
600	99.833336
601	99.833336
602	99.833336
603	99.833336
604	99.833336
605	99.833336
606	99.833336
607	99.833336
608	99.833336
609	99.833336
610	99.833336
611	99.833336
612	99.833336
613	99.833336
614	99.833336
615	99.833336
616	99.833336
617	99.833336
618	99.833336
619	99.833336
620	99.833336
621	99.833336
622	99.866669
623	99.866669
624	99.866669
625	99.866669
626	99.866669
627	99.866669
628	99.866669
629	99.866669
630	99.866669
631	99.900002
632	99.900002
633	99.900002
634	99.900002
635	99.900002
636	99.900002
637	99.900002
638	99.900002
639	99.900002
640	99.900002
641	99.900002
642	99.900002
643	99.900002
644	99.900002
645	99.900002
646	99.900002
647	99.900002
648	99.900002
649	99.900002
650	99.900002
651	99.900002
652	99.900002
653	99.900002
654	99.900002
655	99.900002
656	99.900002
657	99.900002
658	99.900002
659	99.900002
660	99.900002
661	99.900002
662	99.900002
663	99.900002
664	99.900002
665	99.900002
666	99.900002
667	99.900002
668	99.900002
669	99.900002
670	99.900002
671	99.900002
672	99.900002
673	99.900002
674	99.900002
675	99.900002
676	99.900002
677	99.900002
678	99.900002
679	99.900002
680	99.900002
681	99.900002
682	99.900002
683	99.900002
684	99.900002
685	99.900002
686	99.900002
687	99.900002
688	99.900002
689	99.900002
690	99.900002
691	99.900002
692	99.900002
693	99.900002
694	99.900002
695	99.900002
696	99.900002
697	99.900002
698	99.900002
699	99.900002
700	99.900002
701	99.900002
702	99.900002
703	99.900002
704	99.900002
705	99.900002
706	99.900002
707	99.900002
708	99.900002
709	99.900002
710	99.900002
711	99.900002
712	99.900002
713	99.933334
714	99.933334
715	99.933334
716	99.933334
717	99.933334
718	99.933334
719	99.933334
720	99.933334
721	99.933334
722	99.933334
723	99.933334
724	99.933334
725	99.933334
726	99.933334
727	99.933334
728	99.933334
729	99.933334
730	99.933334
731	99.933334
732	99.933334
733	99.933334
734	99.933334
735	99.933334
736	99.933334
737	99.933334
738	99.933334
739	99.933334
740	99.933334
741	99.933334
742	99.933334
743	99.933334
744	99.933334
745	99.933334
746	99.933334
747	99.933334
748	99.933334
749	99.933334
750	99.933334
751	99.933334
752	99.933334
753	99.933334
754	99.933334
755	99.933334
756	99.933334
757	99.933334
758	99.933334
759	99.933334
760	99.933334
761	99.933334
762	99.933334
763	99.933334
764	99.933334
765	99.933334
766	99.933334
767	99.933334
768	99.933334
769	99.933334
770	99.933334
771	99.933334
772	99.933334
773	99.933334
774	99.933334
775	99.933334
776	99.933334
777	99.933334
778	99.933334
779	99.933334
780	99.933334
781	99.933334
782	99.933334
783	99.933334
784	99.933334
785	99.933334
786	99.933334
787	99.933334
788	99.933334
789	99.933334
790	99.933334
791	99.933334
792	99.933334
793	99.933334
794	99.933334
795	99.933334
796	99.933334
797	99.933334
798	99.933334
799	99.933334
800	99.933334
801	99.933334
802	99.933334
803	99.933334
804	99.933334
805	99.933334
806	99.933334
807	99.933334
808	99.933334
809	99.933334
810	99.933334
811	99.933334
812	99.933334
813	99.933334
814	99.933334
815	99.933334
816	99.933334
817	99.933334
818	99.933334
819	99.933334
820	99.933334
821	99.933334
822	99.933334
823	99.933334
824	99.933334
825	99.933334
826	99.933334
827	99.933334
828	99.933334
829	99.933334
830	99.933334
831	99.933334
832	99.933334
833	99.933334
834	99.933334
835	99.933334
836	99.933334
837	99.933334
838	99.933334
839	99.933334
840	99.933334
841	99.933334
842	99.933334
843	99.933334
844	99.933334
845	99.933334
846	99.933334
847	99.933334
848	99.933334
849	99.933334
850	99.933334
851	99.933334
852	99.933334
853	99.933334
854	99.933334
855	99.933334
856	99.933334
857	99.933334
858	99.933334
859	99.933334
860	99.933334
861	99.933334
862	99.933334
863	99.933334
864	99.933334
865	99.933334
866	99.933334
867	99.933334
868	99.933334
869	99.933334
870	99.933334
871	99.933334
872	99.933334
873	99.933334
874	99.933334
875	99.933334
876	99.933334
877	99.933334
878	99.933334
879	99.933334
880	99.933334
881	99.933334
882	99.933334
883	99.933334
884	99.933334
885	99.933334
886	99.933334
887	99.933334
888	99.933334
889	99.933334
890	99.933334
891	99.933334
892	99.933334
893	99.933334
894	99.933334
895	99.933334
896	99.933334
897	99.933334
898	99.933334
899	99.933334
900	99.933334
901	99.933334
902	99.933334
903	99.933334
904	99.933334
905	99.933334
906	99.933334
907	99.933334
908	99.933334
909	99.933334
910	99.933334
911	99.933334
912	99.933334
913	99.933334
914	99.933334
915	99.933334
916	99.933334
917	99.933334
918	99.933334
919	99.933334
920	99.933334
921	99.966667
922	99.966667
923	99.966667
924	99.966667
925	99.966667
926	99.966667
927	99.966667
928	99.966667
929	99.966667
930	99.966667
931	99.966667
932	99.966667
933	99.966667
934	99.966667
935	99.966667
936	99.966667
937	99.966667
938	99.966667
939	99.966667
940	99.966667
941	99.966667
942	99.966667
943	99.966667
944	99.966667
945	99.966667
946	99.966667
947	99.966667
948	99.966667
949	99.966667
950	99.966667
951	99.966667
952	99.966667
953	99.966667
954	99.966667
955	99.966667
956	99.966667
957	99.966667
958	100.000000
959	100.000000
960	100.000000
961	100.000000
962	100.000000
963	100.000000
964	100.000000
965	100.000000
966	100.000000
967	100.000000
968	100.000000
969	100.000000
970	100.000000
971	100.000000
972	100.000000
973	100.000000
974	100.000000
975	100.000000
976	100.000000
977	100.000000
978	100.000000
979	100.000000
980	100.000000
981	100.000000
982	100.000000
983	100.000000
984	100.000000
985	100.000000
986	100.000000
987	100.000000
988	100.000000
989	100.000000
990	100.000000
991	100.000000
992	100.000000
993	100.000000
994	100.000000
995	100.000000
996	100.000000
997	100.000000
998	100.000000
999	100.000000
1000	100.000000
