1	59.333332
21	60.366665
41	61.733334
61	63.299999
81	64.000000
101	64.433334
121	65.400002
141	66.199997
161	66.633331
181	67.166664
201	67.833336
221	68.133331
241	68.666664
261	69.166664
281	69.699997
301	70.133331
321	70.599998
341	70.900002
361	71.233330
381	71.633331
401	72.199997
421	72.400002
441	72.699997
461	72.966667
481	73.333336
501	73.633331
521	73.900002
541	74.166664
561	74.366669
581	74.633331
601	74.966667
621	75.199997
641	75.433334
661	75.666664
681	75.900002
701	76.199997
721	76.466667
741	76.733330
761	76.966667
781	77.300003
801	77.566666
821	77.866669
841	78.133331
861	78.566666
881	78.699997
901	79.099998
921	79.300003
941	79.666664
961	79.900002
981	80.033333
1001	80.233330
1021	80.400002
1041	80.800003
1061	80.900002
1081	81.199997
1101	81.233330
1121	81.566666
1141	81.666664
1161	82.033333
1181	82.300003
1201	82.599998
1221	82.866669
1241	83.099998
1261	83.333336
1281	83.533333
1301	83.599998
1321	83.833336
1341	84.166664
1361	84.366669
1381	84.599998
1401	84.866669
1421	85.066666
1441	85.300003
1461	85.400002
1481	85.466667
1501	85.666664
1521	85.766670
1541	85.866669
1561	86.000000
1581	86.266670
1601	86.433334
1621	86.633331
1641	86.833336
1661	87.000000
1681	87.266670
1701	87.300003
1721	87.533333
1741	87.599998
1761	87.833336
1781	88.033333
1801	88.199997
1821	88.300003
1841	88.599998
1861	88.666664
1881	88.800003
1901	88.933334
1921	89.166664
1941	89.400002
1961	89.666664
1981	89.900002
2001	90.033333
2021	90.066666
2041	90.199997
2061	90.466667
2081	90.533333
2101	90.699997
2121	90.866669
2141	91.033333
2161	91.133331
2181	91.199997
2201	91.233330
2221	91.366669
2241	91.400002
2261	91.466667
2281	91.599998
2301	91.633331
2321	91.800003
2341	91.966667
2361	92.099998
2381	92.233330
2401	92.366669
2421	92.599998
2441	92.800003
2461	92.900002
2481	92.933334
2501	93.033333
2521	93.133331
2541	93.300003
2561	93.366669
2581	93.400002
2601	93.533333
2621	93.666664
2641	93.833336
2661	93.900002
2681	94.000000
2701	94.166664
2721	94.266670
2741	94.366669
2761	94.466667
2781	94.599998
2801	94.666664
2821	94.699997
2841	94.833336
2861	94.900002
2881	94.900002
2901	94.966667
2921	95.066666
2941	95.166664
2961	95.166664
2981	95.199997
3001	95.266670
3021	95.300003
3041	95.400002
3061	95.466667
3081	95.466667
3101	95.599998
3121	95.666664
3141	95.766670
3161	95.833336
3181	95.900002
3201	96.000000
3221	96.033333
3241	96.133331
3261	96.166664
3281	96.199997
3301	96.266670
3321	96.300003
3341	96.433334
3361	96.466667
3381	96.466667
3401	96.566666
3421	96.633331
3441	96.699997
3461	96.733330
3481	96.766670
3501	96.833336
3521	96.833336
3541	96.866669
3561	96.900002
3581	97.000000
3601	97.000000
3621	97.000000
3641	97.000000
3661	97.133331
3681	97.166664
3701	97.166664
3721	97.166664
3741	97.266670
3761	97.266670
3781	97.300003
3801	97.400002
3821	97.433334
3841	97.599998
3861	97.733330
3881	97.733330
3901	97.833336
3921	97.866669
3941	97.866669
3961	97.900002
3981	97.933334
4001	97.933334
4021	98.000000
4041	98.066666
4061	98.166664
4081	98.199997
4101	98.199997
4121	98.199997
4141	98.199997
4161	98.233330
4181	98.366669
4201	98.366669
4221	98.366669
4241	98.366669
4261	98.400002
4281	98.466667
4301	98.533333
4321	98.533333
4341	98.566666
4361	98.599998
4381	98.633331
4401	98.666664
4421	98.666664
4441	98.666664
4461	98.733330
4481	98.733330
4501	98.733330
4521	98.733330
4541	98.766670
4561	98.833336
4581	98.833336
4601	98.866669
4621	98.900002
4641	98.900002
4661	98.900002
4681	98.900002
4701	98.966667
4721	99.033333
4741	99.066666
4761	99.066666
4781	99.066666
4801	99.066666
4821	99.066666
4841	99.099998
4861	99.099998
4881	99.099998
4901	99.166664
4921	99.166664
4941	99.166664
4961	99.199997
4981	99.199997
5001	99.199997
5021	99.233330
5041	99.233330
5061	99.233330
5081	99.266670
5101	99.266670
5121	99.266670
5141	99.266670
5161	99.300003
5181	99.300003
5201	99.333336
5221	99.333336
5241	99.333336
5261	99.333336
5281	99.333336
5301	99.333336
5321	99.366669
5341	99.366669
5361	99.366669
5381	99.366669
5401	99.400002
5421	99.400002
5441	99.400002
5461	99.400002
5481	99.433334
5501	99.466667
5521	99.466667
5541	99.466667
5561	99.466667
5581	99.466667
5601	99.466667
5621	99.466667
5641	99.500000
5661	99.500000
5681	99.533333
5701	99.533333
5721	99.533333
5741	99.566666
5761	99.566666
5781	99.566666
5801	99.566666
5821	99.599998
5841	99.599998
5861	99.666664
5881	99.666664
5901	99.666664
5921	99.666664
5941	99.666664
5961	99.699997
5981	99.699997
6001	99.733330
6021	99.733330
6041	99.733330
6061	99.766670
6081	99.800003
6101	99.800003
6121	99.800003
6141	99.800003
6161	99.800003
6181	99.800003
6201	99.800003
6221	99.800003
6241	99.833336
6261	99.833336
6281	99.833336
6301	99.833336
6321	99.833336
6341	99.833336
6361	99.866669
6381	99.866669
6401	99.866669
6421	99.866669
6441	99.866669
6461	99.866669
6481	99.866669
6501	99.866669
6521	99.866669
6541	99.866669
6561	99.866669
6581	99.866669
6601	99.866669
6621	99.866669
6641	99.866669
6661	99.866669
6681	99.866669
6701	99.866669
6721	99.866669
6741	99.866669
6761	99.866669
6781	99.866669
6801	99.866669
6821	99.866669
6841	99.866669
6861	99.900002
6881	99.900002
6901	99.900002
6921	99.900002
6941	99.900002
6961	99.900002
6981	99.900002
7001	99.900002
7021	99.900002
7041	99.933334
7061	99.933334
7081	99.933334
7101	99.933334
7121	99.933334
7141	99.933334
7161	99.933334
7181	99.933334
7201	99.933334
7221	99.933334
7241	99.933334
7261	99.933334
7281	99.933334
7301	99.933334
7321	99.933334
7341	99.933334
7361	99.933334
7381	99.933334
7401	99.933334
7421	99.933334
7441	99.933334
7461	99.933334
7481	99.933334
7501	99.933334
7521	99.933334
7541	99.933334
7561	99.933334
7581	99.933334
7601	99.933334
7621	99.933334
7641	99.933334
7661	99.933334
7681	99.933334
7701	99.933334
7721	99.933334
7741	99.933334
7761	99.933334
7781	99.966667
7801	99.966667
7821	99.966667
7841	99.966667
7861	99.966667
7881	99.966667
7901	99.966667
7921	99.966667
7941	99.966667
7961	99.966667
7981	99.966667
8001	99.966667
8021	99.966667
8041	99.966667
8061	99.966667
8081	99.966667
8101	99.966667
8121	99.966667
8141	99.966667
8161	99.966667
8181	99.966667
8201	99.966667
8221	99.966667
8241	99.966667
8261	99.966667
8281	99.966667
8301	99.966667
8321	99.966667
8341	99.966667
8361	99.966667
8381	100.000000
8401	100.000000
8421	100.000000
8441	100.000000
8461	100.000000
8481	100.000000
8501	100.000000
8521	100.000000
8541	100.000000
8561	100.000000
8581	100.000000
8601	100.000000
8621	100.000000
8641	100.000000
8661	100.000000
8681	100.000000
8701	100.000000
8721	100.000000
8741	100.000000
8761	100.000000
8781	100.000000
8801	100.000000
8821	100.000000
8841	100.000000
8861	100.000000
8881	100.000000
8901	100.000000
8921	100.000000
8941	100.000000
8961	100.000000
8981	100.000000
9001	100.000000
9021	100.000000
9041	100.000000
9061	100.000000
9081	100.000000
9101	100.000000
9121	100.000000
9141	100.000000
9161	100.000000
9181	100.000000
9201	100.000000
9221	100.000000
9241	100.000000
9261	100.000000
9281	100.000000
9301	100.000000
9321	100.000000
9341	100.000000
9361	100.000000
9381	100.000000
9401	100.000000
9421	100.000000
9441	100.000000
9461	100.000000
9481	100.000000
9501	100.000000
9521	100.000000
9541	100.000000
9561	100.000000
9581	100.000000
9601	100.000000
9621	100.000000
9641	100.000000
9661	100.000000
9681	100.000000
9701	100.000000
9721	100.000000
9741	100.000000
9761	100.000000
9781	100.000000
9801	100.000000
9821	100.000000
9841	100.000000
9861	100.000000
9881	100.000000
9901	100.000000
9921	100.000000
9941	100.000000
9961	100.000000
9981	100.000000
10001	100.000000
10021	100.000000
10041	100.000000
10061	100.000000
10081	100.000000
10101	100.000000
10121	100.000000
10141	100.000000
10161	100.000000
10181	100.000000
10201	100.000000
10221	100.000000
10241	100.000000
10261	100.000000
10281	100.000000
10301	100.000000
10321	100.000000
10341	100.000000
10361	100.000000
10381	100.000000
10401	100.000000
10421	100.000000
10441	100.000000
10461	100.000000
10481	100.000000
10501	100.000000
10521	100.000000
10541	100.000000
10561	100.000000
10581	100.000000
10601	100.000000
10621	100.000000
10641	100.000000
10661	100.000000
10681	100.000000
10701	100.000000
10721	100.000000
10741	100.000000
10761	100.000000
10781	100.000000
10801	100.000000
10821	100.000000
10841	100.000000
10861	100.000000
10881	100.000000
10901	100.000000
10921	100.000000
10941	100.000000
10961	100.000000
10981	100.000000
11001	100.000000
11021	100.000000
11041	100.000000
11061	100.000000
11081	100.000000
11101	100.000000
11121	100.000000
11141	100.000000
11161	100.000000
11181	100.000000
11201	100.000000
11221	100.000000
11241	100.000000
11261	100.000000
11281	100.000000
11301	100.000000
11321	100.000000
11341	100.000000
11361	100.000000
11381	100.000000
11401	100.000000
11421	100.000000
11441	100.000000
11461	100.000000
11481	100.000000
11501	100.000000
11521	100.000000
11541	100.000000
11561	100.000000
11581	100.000000
11601	100.000000
11621	100.000000
11641	100.000000
11661	100.000000
11681	100.000000
11701	100.000000
11721	100.000000
11741	100.000000
11761	100.000000
11781	100.000000
11801	100.000000
11821	100.000000
11841	100.000000
11861	100.000000
11881	100.000000
11901	100.000000
11921	100.000000
11941	100.000000
11961	100.000000
11981	100.000000
12001	100.000000
12021	100.000000
12041	100.000000
12061	100.000000
12081	100.000000
12101	100.000000
12121	100.000000
12141	100.000000
12161	100.000000
12181	100.000000
12201	100.000000
12221	100.000000
12241	100.000000
12261	100.000000
12281	100.000000
12301	100.000000
12321	100.000000
12341	100.000000
12361	100.000000
12381	100.000000
12401	100.000000
12421	100.000000
12441	100.000000
12461	100.000000
12481	100.000000
12501	100.000000
12521	100.000000
12541	100.000000
12561	100.000000
12581	100.000000
12601	100.000000
12621	100.000000
12641	100.000000
12661	100.000000
12681	100.000000
12701	100.000000
12721	100.000000
12741	100.000000
12761	100.000000
12781	100.000000
12801	100.000000
12821	100.000000
12841	100.000000
12861	100.000000
12881	100.000000
12901	100.000000
12921	100.000000
12941	100.000000
12961	100.000000
12981	100.000000
13001	100.000000
13021	100.000000
13041	100.000000
13061	100.000000
13081	100.000000
13101	100.000000
13121	100.000000
13141	100.000000
13161	100.000000
13181	100.000000
13201	100.000000
13221	100.000000
13241	100.000000
13261	100.000000
13281	100.000000
13301	100.000000
13321	100.000000
13341	100.000000
13361	100.000000
13381	100.000000
13401	100.000000
13421	100.000000
13441	100.000000
13461	100.000000
13481	100.000000
13501	100.000000
13521	100.000000
13541	100.000000
13561	100.000000
13581	100.000000
13601	100.000000
13621	100.000000
13641	100.000000
13661	100.000000
13681	100.000000
13701	100.000000
13721	100.000000
13741	100.000000
13761	100.000000
13781	100.000000
13801	100.000000
13821	100.000000
13841	100.000000
13861	100.000000
13881	100.000000
13901	100.000000
13921	100.000000
13941	100.000000
13961	100.000000
13981	100.000000
14001	100.000000
14021	100.000000
14041	100.000000
14061	100.000000
14081	100.000000
14101	100.000000
14121	100.000000
14141	100.000000
14161	100.000000
14181	100.000000
14201	100.000000
14221	100.000000
14241	100.000000
14261	100.000000
14281	100.000000
14301	100.000000
14321	100.000000
14341	100.000000
14361	100.000000
14381	100.000000
14401	100.000000
14421	100.000000
14441	100.000000
14461	100.000000
14481	100.000000
14501	100.000000
14521	100.000000
14541	100.000000
14561	100.000000
14581	100.000000
14601	100.000000
14621	100.000000
14641	100.000000
14661	100.000000
14681	100.000000
14701	100.000000
14721	100.000000
14741	100.000000
14761	100.000000
14781	100.000000
14801	100.000000
14821	100.000000
14841	100.000000
14861	100.000000
14881	100.000000
14901	100.000000
14921	100.000000
14941	100.000000
14961	100.000000
14981	100.000000
15001	100.000000
15021	100.000000
15041	100.000000
15061	100.000000
15081	100.000000
15101	100.000000
15121	100.000000
15141	100.000000
15161	100.000000
15181	100.000000
15201	100.000000
15221	100.000000
15241	100.000000
15261	100.000000
15281	100.000000
15301	100.000000
15321	100.000000
15341	100.000000
15361	100.000000
15381	100.000000
15401	100.000000
15421	100.000000
15441	100.000000
15461	100.000000
15481	100.000000
15501	100.000000
15521	100.000000
15541	100.000000
15561	100.000000
15581	100.000000
15601	100.000000
15621	100.000000
15641	100.000000
15661	100.000000
15681	100.000000
15701	100.000000
15721	100.000000
15741	100.000000
15761	100.000000
15781	100.000000
15801	100.000000
15821	100.000000
15841	100.000000
15861	100.000000
15881	100.000000
15901	100.000000
15921	100.000000
15941	100.000000
15961	100.000000
15981	100.000000
16001	100.000000
16021	100.000000
16041	100.000000
16061	100.000000
16081	100.000000
16101	100.000000
16121	100.000000
16141	100.000000
16161	100.000000
16181	100.000000
16201	100.000000
16221	100.000000
16241	100.000000
16261	100.000000
16281	100.000000
16301	100.000000
16321	100.000000
16341	100.000000
16361	100.000000
16381	100.000000
16401	100.000000
16421	100.000000
16441	100.000000
16461	100.000000
16481	100.000000
16501	100.000000
16521	100.000000
16541	100.000000
16561	100.000000
16581	100.000000
16601	100.000000
16621	100.000000
16641	100.000000
16661	100.000000
16681	100.000000
16701	100.000000
16721	100.000000
16741	100.000000
16761	100.000000
16781	100.000000
16801	100.000000
16821	100.000000
16841	100.000000
16861	100.000000
16881	100.000000
16901	100.000000
16921	100.000000
16941	100.000000
16961	100.000000
16981	100.000000
17001	100.000000
17021	100.000000
17041	100.000000
17061	100.000000
17081	100.000000
17101	100.000000
17121	100.000000
17141	100.000000
17161	100.000000
17181	100.000000
17201	100.000000
17221	100.000000
17241	100.000000
17261	100.000000
17281	100.000000
17301	100.000000
17321	100.000000
17341	100.000000
17361	100.000000
17381	100.000000
17401	100.000000
17421	100.000000
17441	100.000000
17461	100.000000
17481	100.000000
17501	100.000000
17521	100.000000
17541	100.000000
17561	100.000000
17581	100.000000
17601	100.000000
17621	100.000000
17641	100.000000
17661	100.000000
17681	100.000000
17701	100.000000
17721	100.000000
17741	100.000000
17761	100.000000
17781	100.000000
17801	100.000000
17821	100.000000
17841	100.000000
17861	100.000000
17881	100.000000
17901	100.000000
17921	100.000000
17941	100.000000
17961	100.000000
17981	100.000000
18001	100.000000
18021	100.000000
18041	100.000000
18061	100.000000
18081	100.000000
18101	100.000000
18121	100.000000
18141	100.000000
18161	100.000000
18181	100.000000
18201	100.000000
18221	100.000000
18241	100.000000
18261	100.000000
18281	100.000000
18301	100.000000
18321	100.000000
18341	100.000000
18361	100.000000
18381	100.000000
18401	100.000000
18421	100.000000
18441	100.000000
18461	100.000000
18481	100.000000
18501	100.000000
18521	100.000000
18541	100.000000
18561	100.000000
18581	100.000000
18601	100.000000
18621	100.000000
18641	100.000000
18661	100.000000
18681	100.000000
18701	100.000000
18721	100.000000
18741	100.000000
18761	100.000000
18781	100.000000
18801	100.000000
18821	100.000000
18841	100.000000
18861	100.000000
18881	100.000000
18901	100.000000
18921	100.000000
18941	100.000000
18961	100.000000
18981	100.000000
19001	100.000000
19021	100.000000
19041	100.000000
19061	100.000000
19081	100.000000
19101	100.000000
19121	100.000000
19141	100.000000
19161	100.000000
19181	100.000000
19201	100.000000
19221	100.000000
19241	100.000000
19261	100.000000
19281	100.000000
19301	100.000000
19321	100.000000
19341	100.000000
19361	100.000000
19381	100.000000
19401	100.000000
19421	100.000000
19441	100.000000
19461	100.000000
19481	100.000000
19501	100.000000
19521	100.000000
19541	100.000000
19561	100.000000
19581	100.000000
19601	100.000000
19621	100.000000
19641	100.000000
19661	100.000000
19681	100.000000
19701	100.000000
19721	100.000000
19741	100.000000
19761	100.000000
19781	100.000000
19801	100.000000
19821	100.000000
19841	100.000000
19861	100.000000
19881	100.000000
19901	100.000000
19921	100.000000
19941	100.000000
19961	100.000000
19981	100.000000
